1
1007
1025
1030
1035
1041
1047
1051
1055
1062
1071
1083
1091
11
1103
1109
1113
1121
1130
1134
1139
1148
1152
1162
1172
1179
1190
1201
1213
1218
1224
1332
1339
1344
1349
1359
1366
1378
1388
1393
1403
1410
1414
1423
1429
1437
1442
1449
1457
157
183
187
192
1988
1996
2007
2015
202
2027
2031
2041
2046
2055
2059
2070
2082
2094
2100
2104
2119
2123
2130
2137
214
2147
2154
2166
2176
2186
2196
2204
2214
2221
2226
2248
2259
2267
2272
2276
2407
2413
2420
2424
2429
2438
2448
2455
2468
2480
2486
2490
2497
2508
2514
2522
2526
254
2543
2547
2573
2594
261
2618
262
263
2633
2634
2640
2645
2649
265
2654
2659
266
2667
267
268
2683
269
2693
2698
270
2705
2716
272
2722
273
2730
2737
274
2744
275
2759
276
277
2773
2791
2796
280
2800
2804
2810
2851
2856
2871
2875
2884
2889
2897
2904
2911
2917
2966
2973
2980
2986
2993
2998
3003
3007
3012
3019
302
3027
3031
3037
3056
307
3083
3089
3097
3104
3111
313
3143
3154
3162
3167
3176
3192
3204
3219
3232
3243
3254
3269
3275
3280
3286
3294
3300
331
3319
3333
3343
3351
3355
3364
3372
3380
3387
339
3394
3410
3423
3435
3441
3452
3462
3475
3486
3493
3502
3508
3515
3520
3531
3539
3544
3554
3561
3566
3574
3579
3590
360
3602
3608
3612
3634
3635
3642
3662
367
3673
3680
3685
3692
3699
3706
3714
373
3781
3787
3795
3802
3810
3816
3825
3836
3837
3839
3850
3856
3857
3863
3864
3869
3875
3896
3907
3915
392
3932
3943
3950
3961
3968
3984
399
3993
4004
4013
4021
4029
4034
4040
4046
405
4052
4059
4066
4075
4090
4101
4106
4110
4118
4122
4128
4136
414
4143
4149
4155
4164
4168
4176
4180
4186
4191
4196
4203
4208
4219
422
4263
4271
4282
4292
4299
430
4305
4311
4320
4325
4330
4337
434
4346
4354
4359
4360
4366
438
4393
4401
4413
4425
443
4436
4444
4453
4463
4480
4492
4498
4504
4509
4514
4519
4524
4525
4530
4537
4544
4545
455
4552
4567
4579
459
4599
4600
4601
4606
4607
4613
4620
4621
4622
4627
4628
4634
4643
4659
4667
4677
4681
4686
4704
4717
4730
4740
4744
4752
4759
4767
4777
4789
4790
4801
4814
4824
4828
4836
4843
4850
4945
4954
4962
4968
4979
5
5005
503
5030
511
5156
5161
5168
517
5175
5183
5215
522
5229
5238
5244
5249
5254
5265
527
5271
5277
5290
5296
5301
5317
5323
5341
5359
5365
5382
5387
544
5512
5518
5523
5530
5535
5541
555
5559
5567
5572
5578
5582
5616
562
5630
5636
5646
5652
5656
5665
5674
5682
570
5707
574
5742
5750
5754
5762
5766
5796
5831
5841
5851
5863
5867
587
5871
5875
5881
5887
5898
5907
5911
5919
5933
5937
5942
5946
5955
5960
597
5974
5983
5989
5994
6012
6017
6021
6031
6039
6043
606
6084
6098
613
618
628
642
649
657
663
669
678
682
693
703
714
722
726
736
741
746
754
758
764
770
775
782
790
797
805
814
818
823
829
836
842
846
854
862
869
875
880
902
918
925
931
938
947
954
959
976
985
993
999
